0 0.459375 0.6175925925925926 0.016666666666666666 0.03333333333333333
0 0.2453125 0.6467592592592593 0.020833333333333332 0.03981481481481482
0 0.06614583333333333 0.6796296296296297 0.01875 0.05
1 0.7684895833333333 0.5782407407407407 0.008854166666666666 0.017592592592592594
0 0.60625 0.5990740740740741 0.014583333333333334 0.031481481481481485
1 0.9445312499999999 0.5925925925925926 0.033854166666666664 0.06481481481481481
1 0.08177083333333333 0.6578703703703704 0.03333333333333333 0.05277777777777778
1 0.7119791666666666 0.6268518518518519 0.03854166666666667 0.06481481481481481
0 0.59296875 0.5972222222222222 0.015104166666666667 0.02962962962962963
0 0.18984375 0.6537037037037037 0.018229166666666668 0.044444444444444446
