0 0.4708333333333333 0.6148148148148148 0.016666666666666666 0.03333333333333333
0 0.2453125 0.6467592592592593 0.020833333333333332 0.03981481481481482
0 0.015625 0.6833333333333333 0.01875 0.05
1 0.7684895833333333 0.5782407407407407 0.008854166666666666 0.017592592592592594
0 0.5822916666666667 0.6018518518518519 0.014583333333333334 0.031481481481481485
1 0.9645833333333333 0.5884259259259259 0.029166666666666667 0.04722222222222222
1 0.03125 0.6597222222222222 0.03333333333333333 0.05277777777777778
1 0.7497395833333333 0.6148148148148148 0.030729166666666665 0.05
0 0.5684895833333333 0.5981481481481482 0.015104166666666667 0.02962962962962963
0 0.18984375 0.6537037037037037 0.018229166666666668 0.044444444444444446
