0 0.3911458333333333 0.6240740740740741 0.016666666666666666 0.03333333333333333
0 0.24635416666666665 0.6467592592592593 0.020833333333333332 0.03981481481481482
0 0.18880208333333334 0.6532407407407408 0.019270833333333334 0.04166666666666667
1 0.7684895833333333 0.5782407407407407 0.008854166666666666 0.017592592592592594
0 0.74453125 0.5787037037037037 0.0109375 0.024074074074074074
0 0.36796875 0.638888888888889 0.021354166666666667 0.040740740740740744
1 0.7221354166666667 0.6337962962962963 0.03697916666666667 0.0712962962962963
1 0.3765625 0.6203703703703703 0.016666666666666666 0.03888888888888889
1 0.18541666666666667 0.7245370370370371 0.05 0.11203703703703705
0 0.7544270833333333 0.5777777777777778 0.0109375 0.024074074074074074
