0 0.43333333333333335 0.6166666666666667 0.016666666666666666 0.03333333333333333
0 0.2453125 0.6467592592592593 0.020833333333333332 0.03981481481481482
0 0.18958333333333333 0.6527777777777778 0.014583333333333334 0.040740740740740744
1 0.7684895833333333 0.5782407407407407 0.008854166666666666 0.017592592592592594
0 0.6575520833333334 0.5898148148148148 0.0109375 0.024074074074074074
1 0.8794270833333333 0.6064814814814815 0.033854166666666664 0.06481481481481481
1 0.21041666666666667 0.6370370370370371 0.027083333333333334 0.04259259259259259
1 0.5765625 0.6435185185185185 0.03854166666666667 0.06481481481481481
0 0.6674479166666667 0.5907407407407408 0.015104166666666667 0.02962962962962963
0 0.19895833333333332 0.6583333333333333 0.014583333333333334 0.040740740740740744
