0 0.4140625 0.6203703703703703 0.016666666666666666 0.03333333333333333
0 0.24635416666666665 0.6467592592592593 0.020833333333333332 0.03981481481481482
0 0.18880208333333334 0.6532407407407408 0.019270833333333334 0.04166666666666667
1 0.7684895833333333 0.5782407407407407 0.008854166666666666 0.017592592592592594
0 0.69609375 0.5842592592592593 0.0109375 0.024074074074074074
0 0.2713541666666667 0.6541666666666667 0.016666666666666666 0.03981481481481482
1 0.8299479166666667 0.6138888888888889 0.033854166666666664 0.06481481481481481
1 0.28203125 0.6314814814814815 0.022395833333333334 0.03888888888888889
1 0.45703125 0.675 0.04114583333333333 0.07962962962962963
0 0.7065104166666667 0.5833333333333334 0.0109375 0.024074074074074074
