0 0.4536458333333333 0.6175925925925926 0.016666666666666666 0.03333333333333333
0 0.2453125 0.6467592592592593 0.020833333333333332 0.03981481481481482
0 0.1125 0.6703703703703704 0.014583333333333334 0.040740740740740744
1 0.7684895833333333 0.5782407407407407 0.008854166666666666 0.017592592592592594
0 0.6153645833333333 0.5935185185185186 0.0109375 0.024074074074074074
1 0.9263020833333333 0.5981481481481482 0.033854166666666664 0.06481481481481481
1 0.12708333333333333 0.6472222222222223 0.027083333333333334 0.04259259259259259
1 0.6723958333333333 0.6370370370370371 0.03854166666666667 0.06481481481481481
0 0.6278645833333333 0.5953703703703704 0.015104166666666667 0.02962962962962963
0 0.1875 0.6527777777777778 0.014583333333333334 0.040740740740740744
