0 0.3984375 0.6222222222222222 0.016666666666666666 0.03333333333333333
0 0.24635416666666665 0.6467592592592593 0.020833333333333332 0.03981481481481482
0 0.18880208333333334 0.6532407407407408 0.019270833333333334 0.04166666666666667
1 0.7684895833333333 0.5782407407407407 0.008854166666666666 0.017592592592592594
0 0.7283854166666667 0.5796296296296296 0.0109375 0.024074074074074074
0 0.3390625 0.6430555555555556 0.016666666666666666 0.03981481481481482
1 0.76484375 0.6273148148148149 0.03697916666666667 0.0712962962962963
1 0.34791666666666665 0.6212962962962963 0.016666666666666666 0.03888888888888889
1 0.2942708333333333 0.7050925925925926 0.05 0.11203703703703705
0 0.73984375 0.5796296296296296 0.0109375 0.024074074074074074
