0 0.44375 0.6166666666666667 0.016666666666666666 0.03333333333333333
0 0.2453125 0.6467592592592593 0.020833333333333332 0.03981481481481482
0 0.15729166666666666 0.6638888888888889 0.014583333333333334 0.040740740740740744
1 0.7684895833333333 0.5782407407407407 0.008854166666666666 0.017592592592592594
0 0.6372395833333333 0.5907407407407408 0.0109375 0.024074074074074074
1 0.90234375 0.6055555555555556 0.033854166666666664 0.06481481481481481
1 0.16927083333333334 0.6407407407407407 0.027083333333333334 0.04259259259259259
1 0.6229166666666667 0.6444444444444445 0.03854166666666667 0.06481481481481481
0 0.6497395833333334 0.5925925925925926 0.015104166666666667 0.02962962962962963
0 0.19427083333333334 0.6527777777777778 0.014583333333333334 0.040740740740740744
