0 0.40729166666666666 0.6212962962962963 0.016666666666666666 0.03333333333333333
0 0.24635416666666665 0.6467592592592593 0.020833333333333332 0.03981481481481482
0 0.18880208333333334 0.6532407407407408 0.019270833333333334 0.04166666666666667
1 0.7684895833333333 0.5782407407407407 0.008854166666666666 0.017592592592592594
0 0.71328125 0.5814814814814815 0.0109375 0.024074074074074074
0 0.30572916666666666 0.6486111111111111 0.016666666666666666 0.03981481481481482
1 0.7966145833333333 0.6175925925925926 0.033854166666666664 0.06481481481481481
1 0.3145833333333333 0.6222222222222222 0.01875 0.031481481481481485
1 0.37604166666666666 0.6856481481481482 0.04791666666666666 0.08796296296296297
0 0.7236979166666666 0.5814814814814815 0.0109375 0.024074074074074074
